vib
0.426
0.652
0.207
0.146
0.347
0.139
0.249
0.915
0.695
0.207
0.225
0.115
0.115
0.188
0.176
0.158
0.86
0.457
0.164
0.133
0.182
0.182
0.225
0.255
1.293
0.463
0.176
0.292
0.103
0.237
0.457
0.512
0.652
0.414
0.304
0.274
0.249
0.17
0.249
0.17
0.115
0.365
0.152
0.164
0.164
0.408
0.475
3.918
0.744
0.445
0.219
0.866
0.866
0.597
0.335
0.103
0.292
0.39
0.28
0.28
0.213
0.28
0.109
1.208
0.872
0.201
0.402
0.231
0.133
0.201
0.298
0.86
0.292
0.335
0.304
0.219
0.316
0.176
0.139
0.115
0.371
0.146
0.201
0.201
0.219
0.121
0.347
0.469
0.414
0.243
0.243
0.243
0.158
0.316
0.542
0.213
0.237
0.371
0.127
0.255
0.298
0.262
0.323
0.268
0.249
0.323
0.323
0.817
1.189
1.299
1.092
0.64
0.414
0.426
0.341
0.298
0.243
0.182
0.42
0.292
0.207
0.439
0.683
0.487
0.487
0.536
0.695
1.061
1.232
1.073
0.286
0.341
0.249
0.201
0.176
0.152
0.146
0.146
0.146
0.194
0.225
0.341
0.182
0.188
0.323
0.408
0.268
0.201
0.182
0.17
0.213
0.17
0.152
0.231
0.378
0.225
1.556
1.556
0.188
0.243
0.213
0.262
0.439
0.341
0.274
0.274
0.439
0.335
0.353
0.475
0.591
0.298
0.207
0.738
0.451
0.481
0.176
0.176
0.933
0.316
0.487
0.194
0.616
0.591
0.133
0.762
0.201
0.268
0.164
0.188
0.188
0.567
0.292
0.127
0.396
0.371
0.353
1.36
1.36
0.225
1.025
0.5
0.219
0.158
0.176
0.17
0.17
0.219
0.152
0.304
0.292
0.31
0.164
0.268
0.158
0.231
0.176
0.231
0.139
0.139
0.158
0.158
0.164
0.182
0.176
0.152
0.164
0.188
0.158
0.182
0.237
0.786
2.52
2.013
0.5
0.5
0.5
0.188
0.201
0.255
0.292
0.249
0.323
0.323
0.268
0.268
0.335
0.121
0.316
0.182
0.225
0.225
0.365
0.548
0.652
1.104
0.652
0.31
0.158
0.457
0.219
0.286
0.555
0.249
0.31
0.268
0.231
0.274
0.274
0.573
0.194
0.384
0.359
0.164
0.75
0.219
0.298
0.249
0.371
0.201
0.335
0.335
0.286
0.225
0.219
0.384
0.158
0.182
0.298
0.188
0.243
0.323
0.28
0.182
0.182
0.249
0.42
1.177
0.231
0.439
0.243
0.243
0.133
0.133
0.323
0.237
0.518
0.64
0.371
0.231
0.957
0.957
1.409
1.318
0.915
0.42
0.164
0.133
0.127
0.127
0.487
0.432
0.371
0.371
0.603
0.164
0.115
0.176
0.408
1.177
0.921
0.201
0.274
0.237
2.404
0.359
0.536
1.012
0.683
0.799
0.347
0.304
0.225
0.274
0.347
0.164
0.182
0.219
0.219
0.152
0.201
0.316
0.799
0.335
0.243
0.139
1.226
0.762
0.5
0.164
0.298
0.628
0.945
0.445
0.133
0.152
0.146
0.146
0.194
0.268
0.616
0.713
1.611
0.42
3.228
0.683
0.262
0.262
0.262
0.536
0.518
0.603
0.573
0.323
0.335
0.359
0.225
0.213
0.213
0.152
0.152
0.219
0.304
0.207
0.31
0.396
0.603
0.481
0.274
0.335
0.274
0.243
0.243
0.274
0.567
0.28
0.164
0.176
0.152
0.255
0.744
0.268
0.378
0.335
0.225
0.249
0.463
0.762
0.982
0.139
0.121
0.207
0.109
0.695
0.371
1.177
0.268
0.316
0.103
0.329
0.152
0.243
0.292
0.188
0.115
1.586
0.811
0.811
0.207
0.207
0.207
0.207
0.292
0.194
0.164
0.255
0.371
0.371
0.28
0.164
0.164
0.225
0.176
0.201
0.152
0.194
0.146
0.182
0.188
1.153
0.445
0.231
0.133
0.396
0.396
0.164
0.335
0.713
0.274
0.274
1.092
0.237
0.182
0.414
0.243
0.371
0.359
0.353
0.353
0.304
0.213
0.225
0.188
0.213
0.158
0.188
0.127
0.158
0.194
0.152
0.182
0.182
0.194
0.194
0.194
0.139
0.158
0.188
0.146
0.17
0.158
0.188
0.152
0.335
0.567
1.171
0.439
0.158
0.158
0.207
0.225
0.164
0.408
0.201
0.133
0.176
0.475
0.262
0.262
0.103
0.109
0.585
0.585
1.324
0.732
0.225
0.207
0.426
0.103
0.213
0.207
0.591
0.829
0.115
0.487
0.39
0.139
0.109
0.298
0.475
0.475
0.616
0.725
0.53
0.408
0.225
0.219
0.298
0.201
0.292
0.28
0.213
0.255
0.255
0.176
0.182
0.237
0.219
0.188
0.201
0.164
0.219
0.213
0.231
0.286
0.262
0.292
0.963
1.238
0.292
0.347
0.213
0.249
0.231
0.207
0.39
0.39
0.536
0.146
0.323
0.103
1.275
0.811
0.31
0.158
0.176
0.139
0.402
0.103
0.414
1.635
1.269
0.39
0.39
0.115
0.201
0.39
0.31
0.512
0.182
0.457
1.153
1.165
1.165
0.713
0.329
0.347
0.408
0.213
0.237
0.255
0.17
0.28
0.17
0.176
0.207
0.194
0.194
0.152
0.207
0.17
0.152
0.133
0.201
0.286
0.139
0.176
0.158
0.176
0.164
0.164
0.146
0.188
0.17
0.28
0.219
0.231
0.146
0.201
0.176
1.745
0.213
0.176
0.176
0.152
0.176
0.219
0.201
0.524
0.359
0.213
0.298
0.243
0.286
0.207
0.31
0.42
0.408
0.42
0.152
0.323
0.28
0.335
0.231
0.237
0.304
0.207
0.225
0.286
0.121
0.457
0.182
0.298
0.164
0.207
0.597
0.396
0.396
0.194
0.152
0.188
0.121
0.567
0.408
0.249
0.274
0.249
0.164
0.268
0.133
0.286
0.115
0.207
0.139
0.481
0.487
0.469
0.17
0.426
0.231
0.347
0.139
0.182
0.127
0.127
0.103
0.109
0.103
0.103
0.335
0.109
0.182
0.182
0.103
0.152
0.396
0.274
0.274
0.28
0.371
0.371
0.152
0.146
0.249
0.164
1.433
0.811
0.207
0.152
0.201
0.164
0.371
0.53
0.53
0.872
0.524
0.237
0.31
0.567
0.439
0.152
0.481
0.408
0.164
0.164
1.781
0.152
0.445
0.835
0.982
0.231
0.146
0.201
1.141
0.426
0.335
0.347
0.249
0.17
0.176
0.158
0.207
0.152
0.152
0.286
0.274
0.268
0.158
0.207
0.194
0.17
0.237
0.286
0.176
0.207
0.194
0.194
0.164
0.249
0.188
0.255
0.164
0.188
0.182
0.17
0.152
0.152
0.182
0.457
0.103
0.103
1.72
1.58
1.58
0.616
0.262
0.115
0.109
0.139
0.457
0.139
0.139
0.127
0.103
0.194
0.201
0.133
0.152
0.835
0.378
0.909
0.347
0.207
0.432
0.652
0.652
0.457
0.182
0.103
0.158
0.524
0.616
0.164
0.115
0.323
0.323
0.127
0.213
0.17
0.298
0.353
0.194
0.219
0.274
1.183
1.183
0.603
0.213
0.542
0.262
0.146
0.316
0.316
0.164
0.237
0.286
0.347
0.774
1.8
1.8
0.738
