vib
0.042
0.036
0.03
0.066
0.066
0.121
0.298
0.078
0.439
0.811
0.329
0.445
0.725
0.414
0.329
0.255
0.097
0.03
0.03
0.03
0.03
0.054
0.03
0.42
0.03
0.03
0.03
1.037
0.457
0.28
0.5
0.03
0.255
0.255
0.31
1.299
0.365
0.725
0.237
0.64
0.274
0.03
0.066
0.31
0.03
0.127
0.127
0.176
0.03
0.03
0.03
0.03
0.03
0.03
0.03
0.133
0.097
1.018
0.072
0.03
0.03
0.048
0.03
0.542
1.806
0.89
0.445
0.109
0.365
0.146
0.555
0.078
0.115
0.115
0.365
0.078
0.03
0.03
0.03
0.03
0.03
0.03
0.03
0.03
0.03
0.03
0.03
0.03
0.03
0.042
0.03
0.03
0.03
0.03
0.03
0.03
0.03
0.091
0.03
